======== BLINK DB Benchmark Summary ========
Requests | Connections | SET (req/sec) | GET (req/sec)
---------+-------------+---------------+---------------
 1000000 |          10 |     179179.36 |     179533.20
 1000000 |         100 |     159311.78 |     155860.36
 1000000 |        1000 |     132065.50 |     112007.16
  100000 |          10 |     145985.41 |     160513.64
  100000 |         100 |     116144.02 |     106723.59
  100000 |        1000 |      92592.59 |     107296.14
   10000 |          10 |      65359.48 |     120481.93
   10000 |         100 |      68493.15 |      94339.62
   10000 |        1000 |      57803.47 |      62111.80
============================================
